16,
18,
88,
34,
10,
54,
18,
60,
62,
44,
17,
63,
95,
53,
19,
13,
39,
59,
31,
55,
70,
76,
64,
40,
98,
16,
80,
36,
80,
52,
63,
41,
35,
85,
75,
41,
19,
7,
43,
23,
40,
36,
78,
30,
78,
32,
80,
82,
24,
66,
17,
11,
57,
21,
71,
47,
89,
31,
39,
45,
46,
10,
10,
32,
70,
0,
14,
42,
54,
48,
53,
75,
91,
93,
11,
65,
15,
43,
27,
35,
62,
28,
96,
40,
80,
50,
66,
56,
22,
84,
67,
63,
9,
69,
47,
17,
69,
19,
29,
45,
92,
48,
36,
14,
32,
50,
16,
38,
4,
34,
83,
3,
85,
89,
17,
11,
1,
77,
69,
21,
70,
0,
44,
78,
80,
74,
68,
48,
74,
50,
23,
45,
77,
87,
57,
9,
45,
81,
15,
85,
36,
12,
74,
0,
78,
92,
36,
30,
10,
0,
27,
49,
47,
49,
97,
17,
89,
69,
5,
27,
40,
42,
74,
94,
22,
22,
60,
70,
18,
62,
5,
53,
71,
39,
35,
77,
61,
51,
51,
97,
64,
62,
22,
46,
4,
50,
6,
10,
22,
62,
99,
31,
15,
39,
65,
15,
85,
41,
51,
61,
16,
30,
18,
66,
38,
60,
80,
52,
26,
60,
79,
15,
17,
61,
65,
55,
53,
69,
33,
73,
2,
22,
30,
78,
10,
76,
78,
78,
66,
56,
55,
51,
43,
3,
63,
19,
81,
49,
11,
3,
48,
94,
20,
38,
84,
6,
20,
92,
4,
70,
53,
67,
97,
91,
89,
63,
7,
41,
97,
69,
14,
34,
84,
20,
88,
38,
98,
46,
84,
94,
29,
83,
47,
7,
65,
65,
21,
45,
53,
3,
82,
52,
52,
54,
40,
4,
78,
54,
40,
26,
13,
93,
33,
71,
75,
31,
71,
69,
91,
41,
82,
68,
18,
22,
38,
50,
72,
64,
16,
68,
9,
17,
53,
73,
13,
25,
89,
19,
81,
49,
54,
26,
52,
20,
10,
24,
62,
42,
40,
66,
29,
91,
29,
93,
55,
57,
5,
67,
21,
31,
58,
50,
58,
52,
18,
66,
82,
2,
60,
96,
91,
79,
51,
95,
51,
41,
29,
23,
97,
49,
92,
98,
10,
2,
60,
12,
18,
74,
76,
28,
97,
63,
67,
29,
9,
73,
79,
71,
45,
31,
46,
4,
30,
20,
92,
16,
0,
94,
34,
74,
33,
41,
69,
27,
97,
65,
25,
97,
57,
21,
50,
14,
42,
60,
98,
82,
10,
16,
12,
66,
57,
63,
17,
61,
5,
65,
97,
57,
3,
53,
22,
18,
82,
60,
50,
88,
20,
38,
66,
34,
81,
7,
25,
31,
73,
59,
53,
93,
23,
3,
62,
98,
28,
52,
50,
36,
18,
50,
40,
10,
41,
61,
77,
15,
9,
91,
63,
3,
9,
5,
2,
6,
78,
6,
72,
8,
70,
24,
44,
10,
63,
81,
1,
33,
55,
51,
29,
65,
97,
19,
68,
90,
2,
78,
54,
66,
48,
18,
86,
4,
11,
1,
25,
17,
61,
83,
1,
79,
95,
15,
32,
64,
32,
76,
70,
20,
46,
60,
82,
78,
65,
25,
61,
73,
29,
11,
69,
59,
53,
41,
60,
44,
76,
90,
80,
12,
6,
60,
60,
84,
29,
27,
33,
71,
59,
81,
91,
43,
21,
45,
6,
96,
46,
22,
34,
40,
42,
98,
74,
94,
41,
3,
19,
83,
65,
11,
69,
53,
55,
73,
54,
86,
88,
78,
44,
46,
2,
92,
32,
70,
63,
23,
9,
69,
33,
91,
39,
29,
25,
65,
42,
70,
30,
12,
16,
10,
62,
76,
74,
14,
91,
37,
19,
83,
29,
7,
17,
39,
99,
3,
32,
82,
82,
72,
18,
72,
94,
78,
16,
8,
95,
75,
99,
89,
61,
81,
65,
69,
87,
25,
52,
56,
68,
36,
98,
56,
50,
44,
90,
48,
3,
71,
33,
25,
41,
99,
91,
41,
45,
49,
0,
96,
76,
42,
38,
38,
40,
24,
4,
96,
11,
15,
51,
63,
19,
23,
29,
13,
23,
81,
48,
24,
86,
26,
50,
52,
0,
24,
2,
38,
39,
41,
25,
57,
15,
9,
37,
11,
99,
59,
92,
86,
92,
46,
62,
6,
16,
80,
2,
12,
85,
81,
83,
5,
7,
43,
77,
33,
37,
3,
54,
94,
62,
96,
78,
68,
18,
8,
90,
90,
25,
35,
9,
91,
15,
35,
41,
19,
75,
13,
86,
44,
28,
28,
82,
38,
84,
64,
28,
32,
95,
1,
37,
85,
55,
21,
1,
23,
59,
33,
94,
6,
6,
84,
52,
26,
48,
90,
66,
36,
39,
41,
3,
51,
23,
11,
55,
69,
45,
1,
68,
26,
22,
94,
52,
32,
68,
98,
40,
76,
43,
31,
89,
7,
55,
11,
55,
81,
59,
59,
34,
58,
78,
2,
66,
76,
4,
74,
52,
66,
27,
11,
21,
7,
21,
17,
49,
33,
39,
23,
30,
38,
74,
50,
88,
8,
46,
36,
66,
24,
21,
55,
83,
41,
75,
27,
83,
61,
19,
93,
90,
36,
54,
64,
84,
6,
2,
26,
4,
98,
65,
81,
35,
37,
49,
85,
25,
85,
93,
51,
16,
88,
22,
72,
18,
56,
58,
62,
66,
24,
23,
87,
65,
53,
59,
89,
71,
59,
77,
15,
32,
12,
16,
64,
82,
50,
54,
36,
58,
38,
63,
91,
5,
81,
87,
91,
79,
1,
69,
31,
18,
92,
20,
0,
32,
36,
0,
96,
18,
74,
41,
15,
33,
35,
91,
73,
9,
13,
23,
39,
98,
56,
12,
30,
22,
64,
26,
90,
44,
22,
29,
35,
37,
9,
71,
25,
5,
89,
9,
35,
98,
20,
26,
28,
40,
40,
2,
6,
36,
98,
51,
57,
89,
95,
5,
21,
23,
1,
89,
11,
20,
98,
30,
84,
64,
92,
16,
34,
2,
56,
19,
79,
23,
29,
77,
47,
83,
13,
73,
49,
26,
98,
50,
84,
26,
4,
38,
42,
92,
12,
69,
99,
9,
15,
35,
51,
49,
7,
33,
33,
28,
92,
54,
44,
44,
90,
72,
14,
18,
50,
37,
29,
95,
27,
63,
61,
87,
31,
71,
59,
72,
32,
90,
42,
14,
48,
94,
32,
80,
98,
61,
41,
39,
53,
71,
93,
53,
57,
39,
23,
42,
90,
18,
58,
48,
80,
26,
18,
86,
0,
55,
69,
65,
83,
47,
71,
77,
29,
31,
55,
66,
20,
62,
6,
28,
16,
96,
90,
22,
92,
95,
9,
13,
21,
43,
95,
53,
29,
29,
39,
52,
54,
56,
78,
66,
28,
68,
88,
2,
40,
5,
71,
93,
67,
21,
63,
69,
75,
11,
87,
32,
72,
30,
24,
14,
34,
72,
96,
28,
36,
41,
95,
65,
31,
99,
1,
21,
15,
39,
17,
40,
56,
38,
26,
38,
42,
46,
78,
46,
18,
45,
35,
51,
11,
43,
13,
41,
37,
7,
15,
2,
50,
12,
48,
32,
4,
90,
60,
10,
86,
55,
21,
37,
91,
57,
7,
57,
15,
3,
57,
50,
36,
76,
14,
34,
76,
40,
80,
0,
16,
43,
15,
89,
75,
71,
1,
77,
19,
93,
49,
98,
44,
26,
92,
8,
74,
20,
24,
84,
98,
77,
1,
87,
1,
73,
95,
5,
55,
9,
41,
20,
20,
60,
98,
16,
82,
4,
40,
60,
64,
69,
65,
27,
99,
87,
45,
57,
95,
83,
39,
62,
88,
38,
12,
72,
14,
28,
66,
30,
20,
41,
47,
33,
41,
25,
33,
31,
83,
3,
69,
22,
18,
90,
64,
86,
14,
90,
14,
46,
46,
1,
93,
77,
97,
29,
91,
97,
91,
25,
65,
14,
24,
8,
8,
84,
68,
68,
26,
14,
30,
83,
87,
89,
61,
5,
95,
15,
85,
99,
73,
84,
78,
14,
66,
98,
96,
38,
38,
56,
46,
61,
65,
67,
9,
51,
35,
33,
35,
27,
17,
0,
26,
44,
66,
6,
78,
76,
52,
26,
84,
91,
63,
79,
29,
87,
35,
9,
97,
95,
69,
78,
86,
64,
52,
6,
84,
52,
72,
70,
10,
13,
25,
85,
35,
27,
21,
93,
13,
47,
91,
58,
8,
36,
32,
72,
88,
2,
98,
42,
32,
41,
89,
63,
51,
79,
85,
3,
17,
15,
39,
32,
62,
76,
42,
20,
28,
86,
68,
48,
86,
59,
51,
97,
49,
57,
31,
7,
95,
33,
85,
74,
54,
62,
84,
76,
82,
86,
88,
36,
58,
49,
73,
23,
83,
33,
97,
95,
27,
97,
39,
2,
48,
88,
28,
20,
76,
56,
36,
22,
50,
83,
13,
27,
31,
67,
13,
99,
13,
69,
99,
94,
32,
62,
28,
16,
12,
68,
80,
92,
62,
51,
35,
33,
91,
41,
9,
95,
53,
87,
93,
72,
66,
62,
32,
52,
92,
64,
20,
40,
52,
19,
71,
41,
87,
91,
15,
31,
41,
43,
71,
60,
52,
78,
24,
12,
78,
86,
24,
8,
56,
7,
77,
45,
77,
57,
75,
99,
89,
47,
67,
34,
74,
64,
14,
68,
30,
68,
0,
66,
12,
63,
87,
47,
13,
11,
13,
93,
25,
27,
73,
46,
16,
38,
62,
66,
20,
14,
86,
74,
0,
63,
7,
73,
27,
33,
57,
67,
85,
55,
25,
86,
92,
34,
74,
56,
90,
44,
88,
74,
10,
71,
71,
35,
1,
63,
39,
1,
3,
31,
25,
50,
50,
50,
98,
42,
32,
52,
32,
62,
26,
85,
43,
37,
39,
51,
71,
97,
49,
97,
19,
60,
38,
72,
96,
44,
12,
36,
68,
70,
14,
41,
31,
17,
71,
93,
99,
21,
99,
99,
49,
48,
10,
92,
32,
90,
76,
16,
2,
16,
50,
41,
41,
7,
91,
83,
57,
21,
85,
11,
47,
90,
12,
44,
78,
94,
2,
40,
88,
54,
64,
43,
27,
41,
47,
57,
63,
31,
89,
33,
27,
68,
42,
66,
96,
80,
76,
0,
38,
54,
8,
7,
69,
43,
1,
87,
31,
63,
95,
89,
1,
86,
38,
98,
80,
54,
54,
26,
54,
10,
84,
75,
75,
21,
1,
71,
87,
97,
33,
29,
43,
52,
20,
28,
78,
20,
52,
58,
52,
4,
34,
43,
45,
91,
31,
45,
31,
77,
49,
63,
7,
88,
6,
96,
54,
20,
80,
94,
32,
38,
48,
11,
51,
77,
75,
29,
49,
15,
55,
45,
7,
52,
14,
80,
84,
70,
26,
50,
72,
48,
16,
49,
89,
21,
77,
11,
23,
83,
55,
81,
63,
32,
10,
78,
84,
86,
46,
16,
82,
10,
66,
99,
85,
15,
77,
25,
91,
27,
11,
31,
11,
54,
72,
40,
18,
38,
54,
72,
8,
4,
12,
3,
7,
97,
79,
7,
35,
83,
49,
83,
99,
86,
6,
68,
16,
92,
10,
18,
46,
36,
14,
89,
77,
43,
43,
69,
69,
99,
95,
79,
47,
78,
28,
34,
86,
94,
60,
52,
86,
14,
64,
31,
99,
43,
15,
11,
35,
75,
43,
3,
27,
88,
60,
12,
96,
8,
2,
34,
46,
74,
78,
95,
31,
95,
67,
71,
57,
39,
51,
79,
55,
40,
26,
88,
14,
0,
72,
88,
74,
78,
12,
87,
21,
87,
91,
35,
87,
53,
71,
99,
71,
90,
92,
38,
40,
98,
30,
98,
54,
88,
48,
31,
35,
13,
61,
67,
67,
49,
75,
15,
9,
90,
34,
72,
78,
86,
48,
64,
40,
28,
48,
53,
47,
7,
65,
99,
35,
57,
49,
67,
37,
94,
90,
16,
54,
34,
10,
80,
8,
98,
70,
47,
35,
91,
21,
89,
19,
81,
5,
91,
55,
94,
44,
16,
98,
20,
42,
30,
24,
56,
66,
85,
57,
79,
47,
11,
15,
29,
29,
45,
89,
74,
12,
58,
26,
34,
18,
38,
14,
66,
42,
43,
99,
63,
51,
73,
51,
3,
99,
41,
29,
18,
40,
2,
42,
52,
72,
98,
66,
62,
74,
73,
85,
19,
75,
75,
71,
13,
81,
47,
9,
58,
30,
22,
10,
10,
26,
24,
60,
96,
4,
5,
53,
81,
99,
41,
39,
17,
79,
15,
99,
24,
58,
24,
84,
32,
4,
86,
90,
12,
54,
47,
31,
97,
27,
71,
67,
63,
15,
71,
89,
2,
90,
8,
16,
4,
40,
2,
88,
29,
51,
69,
21,
1,
69,
3,
11,
91,
63,
91,
11,
