62,
6,
58,
32,
38,
32,
4,
6,
42,
2,
73,
83,
93,
15,
1,
3,
83,
29,
81,
65,
32,
22,
94,
0,
22,
86,
4,
46,
56,
14,
69,
61,
11,
29,
93,
11,
67,
61,
65,
73,
88,
62,
40,
28,
96,
70,
64,
12,
56,
76,
95,
39,
55,
33,
3,
95,
19,
55,
15,
61,
28,
76,
88,
46,
12,
58,
36,
14,
34,
10,
53,
61,
65,
39,
23,
61,
89,
83,
83,
31,
66,
68,
0,
76,
96,
64,
96,
72,
12,
86,
39,
49,
83,
85,
85,
97,
91,
93,
55,
19,
68,
98,
64,
62,
88,
92,
20,
36,
28,
32,
73,
55,
75,
59,
11,
71,
71,
53,
19,
63,
78,
72,
96,
72,
94,
48,
98,
2,
50,
2,
19,
57,
81,
1,
73,
41,
41,
43,
7,
67,
80,
64,
60,
40,
66,
70,
12,
38,
70,
40,
1,
39,
79,
97,
1,
15,
61,
35,
69,
65,
36,
42,
50,
94,
54,
36,
98,
28,
34,
72,
41,
89,
91,
31,
43,
27,
41,
45,
53,
7,
74,
10,
40,
94,
46,
20,
46,
10,
0,
76,
5,
39,
35,
45,
83,
97,
13,
29,
39,
23,
6,
92,
82,
28,
76,
30,
70,
36,
68,
68,
81,
51,
71,
47,
27,
35,
69,
39,
73,
91,
46,
36,
32,
58,
60,
12,
20,
80,
72,
84,
33,
55,
35,
81,
31,
75,
97,
33,
81,
99,
72,
84,
34,
54,
82,
88,
94,
66,
66,
86,
73,
29,
73,
27,
69,
49,
19,
49,
49,
95,
48,
52,
42,
80,
16,
62,
26,
98,
78,
90,
23,
27,
33,
13,
79,
43,
69,
89,
85,
33,
30,
76,
48,
18,
18,
56,
32,
60,
98,
20,
93,
29,
87,
5,
71,
73,
69,
89,
79,
5,
92,
14,
30,
66,
40,
98,
44,
34,
94,
26,
39,
17,
11,
21,
83,
71,
13,
21,
87,
41,
72,
76,
16,
46,
60,
18,
20,
42,
50,
54,
47,
65,
43,
91,
27,
15,
95,
51,
13,
17,
86,
46,
26,
38,
86,
32,
90,
48,
16,
90,
59,
81,
77,
83,
71,
39,
55,
65,
3,
29,
74,
98,
96,
64,
48,
44,
66,
6,
10,
38,
85,
63,
39,
35,
51,
89,
69,
45,
65,
3,
74,
6,
72,
84,
36,
68,
78,
16,
38,
8,
97,
69,
45,
25,
97,
49,
29,
21,
47,
93,
62,
36,
74,
50,
10,
26,
26,
44,
20,
60,
79,
77,
99,
99,
79,
57,
3,
57,
71,
55,
14,
80,
64,
54,
22,
24,
54,
18,
56,
94,
83,
67,
71,
19,
75,
37,
79,
73,
85,
55,
58,
24,
42,
8,
60,
28,
16,
78,
52,
88,
17,
1,
31,
85,
31,
33,
83,
77,
87,
5,
94,
82,
60,
0,
32,
8,
36,
8,
96,
40,
91,
91,
13,
33,
79,
51,
93,
83,
87,
79,
44,
18,
88,
64,
86,
78,
12,
94,
82,
68,
91,
55,
3,
55,
29,
93,
13,
59,
13,
33,
76,
34,
74,
34,
60,
48,
86,
14,
56,
90,
5,
89,
25,
55,
71,
99,
3,
7,
51,
43,
50,
12,
22,
40,
46,
12,
58,
88,
40,
22,
77,
15,
31,
39,
19,
57,
47,
47,
55,
49,
62,
42,
6,
90,
12,
6,
26,
90,
20,
78,
69,
7,
25,
31,
27,
27,
41,
5,
5,
13,
34,
60,
68,
40,
52,
68,
6,
70,
36,
4,
19,
51,
25,
51,
53,
5,
15,
93,
83,
99,
48,
38,
36,
80,
92,
60,
80,
20,
4,
4,
13,
93,
13,
71,
25,
5,
87,
51,
71,
93,
14,
86,
60,
88,
34,
26,
0,
24,
98,
30,
15,
53,
29,
63,
73,
53,
39,
87,
39,
31,
34,
86,
64,
20,
86,
28,
92,
18,
2,
74,
31,
25,
65,
81,
47,
91,
11,
87,
11,
79,
90,
60,
22,
20,
98,
86,
28,
52,
30,
12,
49,
21,
95,
91,
77,
27,
79,
73,
27,
13,
4,
50,
22,
60,
94,
8,
66,
70,
20,
90,
37,
39,
65,
37,
57,
43,
11,
33,
37,
17,
54,
82,
18,
52,
28,
22,
84,
42,
58,
32,
1,
61,
9,
3,
35,
73,
59,
25,
65,
63,
52,
96,
42,
18,
40,
88,
62,
98,
94,
58,
59,
73,
99,
35,
69,
23,
45,
77,
85,
95,
54,
36,
16,
70,
64,
74,
62,
22,
62,
92,
17,
5,
47,
7,
21,
73,
69,
9,
97,
91,
18,
16,
40,
94,
96,
18,
28,
70,
94,
76,
33,
65,
59,
33,
23,
13,
23,
25,
87,
83,
48,
64,
48,
90,
74,
56,
94,
68,
0,
46,
15,
95,
53,
83,
27,
61,
89,
71,
53,
95,
70,
64,
20,
82,
94,
98,
58,
14,
68,
26,
41,
79,
75,
29,
13,
31,
75,
93,
47,
85,
70,
68,
16,
82,
78,
32,
86,
10,
24,
12,
35,
45,
29,
85,
21,
13,
21,
63,
47,
95,
42,
20,
88,
52,
56,
94,
68,
72,
88,
88,
75,
57,
57,
81,
41,
49,
9,
49,
95,
63,
0,
26,
88,
18,
38,
86,
42,
8,
76,
52,
65,
47,
67,
27,
67,
91,
89,
7,
99,
79,
76,
26,
30,
78,
76,
12,
16,
60,
14,
92,
13,
5,
75,
87,
55,
49,
33,
9,
79,
47,
60,
40,
62,
72,
60,
72,
40,
14,
96,
92,
77,
13,
65,
71,
17,
57,
19,
71,
3,
25,
66,
96,
58,
58,
20,
20,
12,
66,
2,
14,
71,
51,
7,
7,
3,
9,
29,
45,
65,
23,
24,
30,
6,
78,
58,
50,
14,
24,
22,
4,
5,
45,
47,
35,
83,
9,
39,
85,
71,
85,
36,
0,
72,
84,
86,
10,
76,
70,
40,
56,
5,
73,
57,
73,
15,
83,
89,
1,
45,
79,
24,
84,
38,
16,
76,
22,
84,
36,
86,
68,
95,
55,
63,
81,
63,
25,
67,
81,
47,
49,
20,
84,
50,
94,
20,
6,
92,
38,
50,
30,
51,
91,
15,
39,
87,
21,
31,
19,
57,
75,
4,
62,
28,
20,
42,
94,
22,
24,
46,
46,
39,
29,
11,
89,
31,
85,
35,
89,
77,
45,
22,
96,
18,
22,
84,
12,
8,
84,
82,
12,
3,
77,
23,
1,
41,
81,
13,
29,
75,
67,
60,
96,
24,
42,
10,
16,
42,
36,
76,
54,
17,
73,
17,
81,
91,
95,
97,
39,
37,
7,
56,
84,
92,
26,
12,
18,
32,
0,
34,
18,
59,
55,
79,
69,
83,
57,
9,
35,
3,
51,
46,
92,
74,
4,
0,
18,
36,
62,
76,
58,
91,
65,
57,
97,
85,
61,
27,
93,
29,
91,
32,
40,
62,
72,
72,
16,
26,
30,
26,
2,
61,
5,
27,
5,
91,
77,
71,
67,
77,
71,
50,
42,
16,
46,
16,
8,
74,
96,
72,
0,
71,
57,
75,
5,
65,
85,
37,
23,
63,
13,
80,
16,
28,
18,
58,
46,
6,
62,
36,
12,
77,
43,
71,
85,
85,
93,
7,
71,
19,
91,
80,
18,
80,
2,
98,
56,
12,
12,
24,
76,
93,
97,
3,
49,
35,
69,
75,
37,
71,
65,
38,
64,
60,
44,
30,
32,
82,
60,
40,
94,
57,
75,
37,
31,
31,
85,
35,
47,
27,
13,
54,
8,
52,
76,
90,
36,
20,
54,
82,
48,
41,
7,
23,
27,
77,
1,
87,
99,
93,
61,
84,
68,
94,
62,
86,
70,
40,
78,
10,
8,
83,
37,
51,
43,
71,
95,
35,
93,
15,
23,
78,
32,
82,
70,
54,
78,
16,
46,
76,
10,
55,
19,
77,
25,
43,
23,
25,
85,
99,
33,
54,
70,
84,
62,
20,
60,
34,
84,
4,
54,
89,
75,
37,
95,
11,
35,
51,
41,
69,
89,
72,
74,
10,
20,
44,
0,
6,
54,
86,
24,
43,
55,
1,
89,
73,
23,
59,
67,
27,
25,
76,
98,
10,
92,
40,
98,
54,
98,
8,
76,
55,
59,
93,
1,
55,
49,
73,
31,
33,
13,
88,
22,
56,
98,
66,
38,
64,
56,
70,
72,
97,
15,
73,
99,
73,
43,
73,
37,
11,
99,
72,
50,
80,
72,
38,
42,
80,
0,
16,
12,
5,
61,
21,
3,
13,
39,
93,
73,
75,
69,
56,
14,
76,
32,
24,
18,
80,
62,
22,
16,
13,
75,
49,
53,
97,
61,
91,
53,
77,
99,
66,
32,
92,
34,
96,
4,
26,
12,
82,
0,
69,
87,
69,
59,
97,
93,
11,
67,
93,
55,
12,
78,
12,
64,
80,
90,
64,
76,
60,
66,
95,
5,
3,
45,
63,
93,
21,
63,
47,
7,
78,
16,
22,
58,
94,
32,
36,
74,
14,
0,
29,
73,
77,
87,
21,
97,
43,
1,
99,
3,
42,
64,
2,
28,
80,
38,
0,
40,
2,
62,
83,
79,
25,
83,
49,
15,
99,
97,
13,
89,
52,
2,
56,
64,
8,
32,
80,
46,
76,
16,
17,
41,
69,
63,
55,
81,
93,
27,
19,
9,
22,
60,
26,
56,
62,
88,
66,
64,
34,
32,
97,
19,
55,
95,
89,
15,
1,
85,
45,
27,
52,
18,
26,
8,
40,
32,
56,
16,
76,
92,
85,
17,
63,
7,
67,
37,
25,
81,
81,
69,
88,
72,
48,
26,
68,
64,
8,
88,
16,
38,
23,
47,
99,
95,
79,
89,
83,
63,
99,
1,
52,
36,
52,
82,
62,
72,
78,
4,
82,
82,
31,
53,
79,
49,
53,
69,
77,
31,
79,
61,
92,
80,
86,
98,
84,
16,
26,
0,
98,
42,
7,
59,
75,
75,
29,
83,
63,
67,
9,
79,
72,
40,
62,
84,
8,
90,
80,
12,
80,
90,
27,
25,
65,
15,
3,
83,
47,
33,
61,
45,
26,
68,
4,
32,
22,
38,
26,
2,
54,
92,
79,
11,
19,
71,
49,
7,
29,
67,
39,
81,
62,
60,
32,
90,
60,
60,
80,
50,
30,
78,
29,
93,
33,
51,
37,
33,
51,
71,
1,
85,
84,
32,
78,
82,
76,
54,
22,
90,
60,
32,
39,
37,
69,
51,
19,
93,
97,
67,
33,
79,
38,
60,
2,
34,
88,
20,
10,
46,
4,
68,
89,
21,
17,
73,
87,
67,
27,
75,
39,
1,
6,
38,
40,
40,
72,
68,
62,
30,
98,
86,
19,
33,
23,
61,
93,
81,
93,
29,
3,
35,
92,
80,
82,
90,
76,
32,
88,
66,
48,
88,
31,
61,
41,
45,
49,
75,
57,
19,
85,
61,
72,
80,
78,
24,
8,
44,
52,
22,
74,
64,
17,
77,
89,
7,
93,
45,
57,
19,
69,
15,
46,
54,
52,
48,
20,
62,
74,
88,
62,
58,
85,
57,
93,
93,
81,
77,
77,
17,
55,
19,
94,
98,
30,
40,
58,
74,
68,
10,
10,
80,
33,
51,
73,
53,
97,
25,
5,
67,
9,
61,
46,
68,
64,
42,
28,
60,
20,
96,
84,
86,
23,
3,
35,
81,
29,
11,
19,
45,
93,
83,
26,
96,
28,
4,
74,
44,
40,
16,
94,
34,
83,
83,
7,
63,
7,
39,
67,
79,
83,
19,
46,
18,
86,
14,
56,
52,
94,
52,
22,
70,
33,
67,
45,
91,
3,
51,
55,
93,
13,
33,
70,
50,
96,
16,
32,
64,
40,
12,
86,
64,
97,
43,
47,
39,
33,
95,
85,
21,
93,
37,
74,
6,
52,
20,
72,
34,
92,
60,
16,
84,
3,
49,
23,
17,
51,
95,
95,
97,
91,
71,
26,
94,
18,
52,
30,
14,
24,
72,
24,
76,
35,
23,
55,
75,
49,
77,
75,
95,
7,
71,
82,
24,
12,
36,
92,
72,
76,
96,
56,
22,
65,
97,
29,
91,
69,
51,
95,
75,
31,
93,
68,
50,
66,
4,
64,
54,
96,
86,
50,
82,
83,
49,
99,
15,
87,
13,
91,
45,
3,
79,
70,
98,
52,
40,
82,
74,
80,
42,
36,
58,
69,
63,
11,
48,
2,
62,
72,
70,
2,
68,
60,
88,
32,
64,
64,
88,
52,
58,
80,
24,
64,
24,
96,
48,
80,
58,
24,
8,
16,
80,
24,
84,
54,
84,
10,
30,
54,
72,
28,
80,
38,
40,
12,
0,
98,
30,
48,
92,
8,
28,
