40,
26,
12,
34,
78,
24,
78,
74,
70,
6,
57,
15,
47,
75,
55,
9,
35,
23,
71,
43,
74,
12,
46,
84,
18,
34,
42,
0,
34,
98,
77,
19,
23,
47,
71,
23,
43,
55,
81,
13,
28,
10,
50,
54,
46,
44,
72,
54,
28,
82,
43,
25,
95,
79,
39,
13,
95,
33,
17,
19,
94,
96,
56,
56,
44,
38,
76,
18,
38,
60,
43,
41,
91,
35,
69,
91,
7,
89,
47,
53,
14,
6,
98,
14,
0,
52,
74,
42,
56,
0,
81,
89,
49,
87,
75,
39,
71,
23,
53,
43,
24,
42,
32,
70,
6,
84,
50,
34,
72,
52,
71,
89,
91,
27,
83,
3,
81,
59,
97,
99,
2,
48,
58,
0,
0,
38,
10,
44,
56,
44,
57,
77,
79,
61,
61,
3,
91,
51,
31,
69,
80,
42,
78,
56,
20,
24,
44,
78,
34,
58,
81,
7,
81,
37,
55,
21,
23,
77,
55,
25,
46,
82,
52,
16,
58,
54,
84,
30,
50,
50,
11,
11,
55,
43,
1,
31,
29,
33,
31,
71,
60,
56,
88,
70,
10,
60,
38,
28,
44,
80,
9,
19,
41,
77,
31,
71,
3,
81,
3,
1,
56,
92,
82,
42,
82,
98,
98,
40,
78,
20,
19,
65,
17,
71,
35,
35,
9,
33,
61,
73,
44,
18,
74,
62,
18,
56,
38,
94,
72,
14,
61,
5,
35,
61,
51,
75,
69,
93,
7,
59,
38,
88,
96,
34,
56,
50,
62,
64,
12,
38,
39,
89,
93,
73,
97,
49,
17,
5,
77,
89,
52,
64,
32,
86,
90,
56,
50,
82,
18,
32,
53,
7,
21,
59,
9,
7,
79,
1,
45,
69,
92,
80,
58,
6,
4,
44,
32,
44,
46,
56,
79,
49,
77,
47,
17,
21,
55,
69,
85,
9,
50,
98,
48,
84,
0,
70,
40,
4,
30,
68,
1,
55,
79,
55,
87,
87,
99,
35,
35,
57,
36,
70,
76,
10,
96,
46,
8,
22,
80,
62,
43,
21,
31,
29,
39,
63,
85,
47,
61,
83,
2,
22,
10,
14,
60,
60,
92,
70,
96,
72,
43,
25,
67,
39,
51,
85,
99,
83,
41,
19,
92,
46,
32,
10,
94,
24,
64,
18,
36,
90,
83,
39,
61,
19,
99,
49,
71,
17,
91,
13,
80,
0,
12,
44,
52,
4,
16,
86,
20,
40,
5,
85,
7,
9,
33,
31,
73,
75,
9,
47,
10,
80,
82,
26,
56,
42,
88,
28,
22,
52,
27,
29,
37,
41,
67,
51,
85,
25,
1,
47,
36,
4,
88,
98,
84,
70,
40,
94,
34,
54,
63,
63,
57,
7,
53,
15,
21,
67,
47,
75,
30,
32,
90,
74,
16,
96,
22,
88,
6,
24,
23,
47,
61,
59,
63,
19,
91,
61,
71,
99,
28,
28,
98,
90,
60,
54,
42,
56,
94,
16,
19,
13,
47,
31,
83,
79,
93,
31,
39,
99,
80,
54,
82,
54,
48,
72,
94,
82,
14,
62,
29,
65,
83,
55,
37,
19,
99,
27,
95,
37,
22,
76,
52,
42,
4,
92,
36,
44,
88,
78,
89,
7,
69,
31,
57,
15,
13,
73,
45,
23,
62,
36,
34,
28,
46,
70,
10,
38,
90,
18,
33,
47,
59,
15,
11,
9,
19,
37,
29,
71,
0,
86,
14,
46,
22,
48,
18,
36,
10,
72,
57,
5,
61,
3,
79,
11,
43,
63,
21,
1,
48,
84,
22,
64,
60,
76,
6,
30,
68,
40,
85,
23,
77,
7,
41,
21,
51,
75,
95,
17,
26,
0,
42,
54,
22,
4,
92,
36,
56,
40,
19,
51,
51,
69,
69,
19,
89,
57,
47,
55,
68,
10,
70,
30,
92,
68,
64,
36,
90,
52,
95,
7,
53,
89,
65,
97,
37,
41,
71,
61,
76,
66,
84,
34,
82,
76,
44,
48,
86,
34,
67,
1,
73,
73,
61,
89,
83,
11,
95,
23,
82,
80,
62,
10,
94,
40,
28,
32,
90,
28,
43,
5,
57,
83,
97,
39,
11,
97,
3,
11,
94,
56,
22,
54,
40,
50,
18,
6,
2,
86,
31,
89,
43,
23,
69,
93,
85,
89,
79,
83,
94,
86,
50,
60,
0,
46,
6,
72,
84,
48,
39,
73,
61,
23,
33,
17,
71,
9,
47,
11,
74,
12,
22,
26,
32,
0,
62,
10,
16,
86,
17,
87,
55,
27,
19,
39,
57,
97,
87,
41,
22,
36,
76,
92,
8,
34,
42,
34,
12,
2,
99,
7,
73,
65,
89,
85,
87,
75,
91,
81,
36,
50,
30,
4,
62,
8,
12,
90,
54,
94,
69,
43,
53,
7,
95,
79,
11,
75,
43,
71,
92,
44,
80,
72,
28,
72,
68,
64,
20,
6,
65,
65,
29,
11,
5,
99,
87,
91,
23,
41,
70,
52,
38,
18,
92,
38,
34,
6,
84,
68,
37,
85,
47,
67,
83,
11,
27,
93,
23,
77,
92,
38,
6,
68,
98,
34,
34,
42,
92,
94,
95,
15,
19,
69,
47,
81,
53,
43,
69,
97,
26,
42,
62,
60,
66,
38,
74,
74,
80,
28,
83,
71,
39,
75,
5,
61,
23,
81,
67,
63,
18,
52,
14,
84,
44,
20,
96,
86,
24,
70,
23,
51,
73,
77,
53,
21,
43,
15,
63,
17,
98,
96,
24,
98,
6,
18,
0,
46,
90,
82,
47,
15,
7,
39,
9,
71,
13,
33,
7,
79,
46,
80,
70,
44,
94,
8,
70,
38,
46,
54,
83,
51,
49,
39,
87,
79,
5,
43,
57,
49,
90,
14,
84,
92,
46,
84,
2,
20,
48,
88,
69,
47,
23,
69,
5,
71,
91,
99,
69,
67,
94,
10,
88,
42,
38,
8,
10,
26,
78,
34,
65,
97,
27,
73,
71,
3,
47,
5,
13,
9,
46,
52,
16,
24,
98,
28,
72,
56,
14,
26,
35,
13,
61,
27,
61,
15,
81,
61,
75,
29,
64,
86,
70,
58,
2,
48,
72,
12,
40,
56,
65,
9,
67,
45,
85,
71,
17,
95,
45,
3,
82,
68,
92,
48,
62,
58,
30,
18,
56,
66,
67,
63,
83,
1,
99,
27,
9,
17,
7,
81,
8,
20,
82,
86,
80,
0,
82,
84,
78,
96,
23,
99,
93,
59,
81,
43,
79,
87,
59,
27,
68,
42,
14,
60,
18,
18,
90,
60,
40,
90,
43,
21,
93,
43,
25,
81,
49,
63,
3,
23,
86,
48,
40,
92,
46,
2,
96,
10,
50,
60,
31,
63,
23,
3,
11,
7,
39,
17,
11,
61,
72,
72,
78,
98,
72,
46,
94,
4,
30,
48,
51,
85,
85,
27,
23,
9,
13,
97,
15,
35,
12,
14,
76,
56,
46,
72,
48,
4,
56,
60,
35,
43,
61,
81,
41,
3,
17,
43,
91,
7,
62,
90,
30,
62,
38,
58,
50,
26,
60,
2,
41,
91,
71,
73,
15,
59,
31,
11,
41,
47,
24,
64,
66,
0,
74,
32,
56,
86,
84,
66,
75,
27,
27,
65,
87,
25,
35,
1,
75,
69,
4,
50,
70,
78,
98,
28,
32,
34,
74,
90,
35,
37,
3,
79,
61,
39,
97,
81,
13,
83,
24,
54,
48,
88,
28,
80,
86,
86,
44,
74,
83,
71,
5,
77,
39,
77,
3,
9,
5,
89,
56,
80,
10,
86,
38,
44,
50,
22,
28,
54,
75,
63,
71,
7,
3,
57,
87,
35,
97,
83,
8,
70,
50,
36,
68,
12,
46,
8,
72,
10,
65,
87,
1,
23,
69,
93,
59,
79,
37,
49,
28,
26,
50,
68,
16,
96,
82,
66,
20,
56,
81,
59,
87,
89,
95,
97,
43,
7,
33,
69,
78,
8,
82,
38,
14,
88,
56,
56,
8,
44,
47,
71,
29,
29,
3,
77,
39,
65,
37,
85,
56,
74,
62,
36,
2,
62,
54,
62,
54,
74,
19,
87,
53,
51,
21,
13,
21,
79,
27,
11,
28,
84,
72,
36,
10,
14,
0,
34,
32,
24,
93,
13,
17,
27,
83,
37,
11,
25,
11,
89,
18,
90,
96,
54,
0,
6,
22,
58,
34,
56,
11,
27,
77,
97,
35,
5,
37,
61,
35,
29,
56,
92,
86,
72,
18,
50,
68,
90,
72,
98,
17,
43,
35,
83,
59,
35,
55,
13,
91,
23,
14,
74,
72,
22,
82,
58,
86,
86,
10,
98,
65,
37,
61,
3,
53,
29,
55,
55,
47,
85,
2,
58,
90,
62,
24,
66,
12,
32,
92,
98,
87,
43,
83,
53,
83,
59,
65,
39,
87,
39,
20,
56,
84,
90,
24,
24,
82,
64,
84,
76,
7,
27,
41,
27,
31,
75,
13,
73,
71,
9,
60,
56,
18,
88,
80,
8,
8,
74,
86,
28,
49,
51,
31,
85,
61,
19,
45,
47,
35,
81,
40,
28,
90,
6,
18,
94,
12,
18,
84,
82,
55,
43,
19,
27,
45,
65,
87,
19,
65,
57,
38,
92,
94,
18,
54,
66,
30,
66,
64,
56,
25,
95,
51,
17,
79,
15,
61,
29,
79,
7,
54,
96,
16,
76,
96,
32,
42,
0,
72,
30,
79,
85,
15,
67,
99,
17,
91,
83,
13,
83,
14,
58,
98,
38,
4,
76,
0,
50,
54,
66,
61,
75,
69,
7,
59,
81,
35,
31,
13,
67,
78,
98,
2,
20,
62,
86,
2,
0,
98,
10,
91,
5,
33,
17,
81,
17,
47,
83,
3,
87,
38,
52,
18,
32,
68,
50,
70,
6,
74,
70,
25,
65,
75,
53,
99,
33,
97,
39,
45,
7,
52,
70,
6,
44,
92,
54,
50,
96,
48,
72,
63,
77,
31,
35,
39,
51,
51,
41,
61,
87,
10,
32,
76,
56,
92,
56,
12,
20,
40,
46,
87,
5,
91,
83,
45,
85,
31,
91,
15,
29,
54,
32,
22,
88,
6,
4,
60,
22,
42,
60,
25,
9,
27,
13,
47,
91,
35,
39,
69,
27,
74,
60,
4,
80,
20,
30,
36,
96,
46,
66,
67,
83,
97,
63,
73,
57,
57,
55,
33,
17,
64,
46,
92,
20,
40,
18,
38,
92,
52,
6,
7,
79,
9,
87,
25,
97,
21,
81,
77,
85,
10,
48,
6,
54,
34,
78,
72,
36,
26,
14,
63,
43,
37,
43,
83,
65,
65,
13,
57,
73,
6,
62,
54,
54,
52,
78,
92,
90,
82,
56,
13,
73,
61,
31,
31,
49,
71,
43,
19,
45,
42,
80,
46,
24,
92,
54,
4,
10,
54,
28,
3,
97,
65,
23,
37,
37,
77,
1,
67,
93,
90,
30,
36,
10,
52,
80,
10,
2,
44,
4,
33,
65,
71,
45,
75,
29,
23,
75,
53,
67,
28,
70,
46,
20,
90,
10,
58,
30,
94,
16,
85,
83,
59,
43,
49,
81,
51,
29,
59,
25,
86,
14,
62,
18,
82,
80,
82,
14,
92,
50,
69,
83,
69,
33,
11,
91,
97,
21,
29,
89,
4,
16,
6,
40,
20,
98,
48,
20,
46,
64,
43,
65,
23,
77,
13,
75,
43,
45,
55,
9,
80,
30,
42,
24,
18,
86,
54,
64,
44,
20,
17,
29,
91,
69,
39,
97,
15,
61,
89,
11,
66,
70,
2,
32,
28,
20,
2,
2,
54,
96,
11,
5,
85,
37,
49,
97,
49,
97,
35,
29,
26,
18,
28,
52,
86,
62,
28,
8,
50,
0,
81,
15,
29,
35,
49,
55,
69,
33,
71,
33,
78,
30,
94,
6,
82,
38,
70,
36,
48,
30,
91,
93,
15,
77,
1,
67,
75,
69,
71,
1,
80,
14,
62,
96,
56,
24,
76,
78,
58,
8,
79,
55,
43,
61,
43,
87,
31,
27,
99,
19,
88,
62,
12,
92,
28,
88,
8,
74,
28,
54,
37,
67,
71,
41,
47,
21,
3,
51,
55,
57,
36,
78,
74,
8,
94,
58,
6,
76,
66,
50,
59,
28,
98,
60,
8,
10,
38,
68,
8,
72,
24,
96,
72,
44,
92,
4,
70,
8,
20,
58,
44,
40,
54,
42,
8,
4,
40,
34,
38,
60,
66,
0,
46,
8,
0,
88,
80,
10,
22,
66,
84,
10,
14,
30,
48,
90,
84,
12,
88,
8,
34,
84,
8,
34,
12,
34,
40,
26,
58,
96,
94,
2,
46,
28,
32,
42,
52,
58,
70,
48,
88,
12,
24,
76,
20,
36,
18,
4,
78,
74,
94,
36,
74,
66,
36,
92,
42,
58,
72,
52,
