78,
62,
66,
56,
84,
58,
98,
98,
90,
96,
9,
61,
99,
47,
27,
65,
45,
95,
83,
11,
24,
18,
96,
28,
90,
58,
40,
60,
42,
42,
37,
85,
27,
85,
39,
43,
1,
51,
39,
85,
72,
8,
10,
64,
68,
22,
70,
94,
26,
14,
69,
63,
37,
63,
85,
37,
79,
67,
47,
55,
12,
36,
28,
28,
46,
62,
86,
2,
60,
86,
21,
63,
69,
17,
49,
23,
75,
1,
17,
37,
60,
70,
94,
46,
6,
82,
74,
42,
0,
72,
85,
91,
21,
87,
85,
95,
49,
71,
75,
83,
4,
22,
28,
82,
94,
78,
92,
20,
74,
54,
35,
47,
41,
37,
37,
13,
29,
89,
1,
29,
6,
4,
66,
92,
38,
8,
74,
38,
92,
26,
17,
63,
89,
71,
17,
69,
95,
53,
7,
23,
72,
6,
2,
54,
80,
50,
80,
40,
22,
56,
75,
7,
21,
7,
51,
85,
59,
43,
5,
25,
52,
6,
52,
2,
10,
36,
58,
36,
84,
46,
79,
89,
35,
67,
45,
69,
5,
97,
45,
65,
10,
30,
8,
94,
36,
40,
56,
26,
52,
46,
23,
17,
55,
5,
79,
55,
25,
71,
9,
71,
78,
24,
72,
44,
6,
40,
22,
56,
68,
90,
29,
25,
93,
15,
19,
51,
39,
1,
13,
69,
80,
56,
92,
42,
40,
34,
0,
2,
74,
52,
69,
69,
33,
97,
49,
3,
93,
75,
15,
67,
32,
14,
72,
10,
62,
10,
38,
42,
28,
28,
83,
79,
9,
47,
7,
73,
57,
95,
41,
79,
26,
20,
24,
26,
28,
48,
22,
78,
50,
30,
47,
57,
11,
65,
1,
77,
91,
83,
89,
3,
18,
26,
50,
88,
30,
36,
18,
44,
48,
52,
65,
41,
3,
35,
11,
11,
29,
99,
79,
15,
56,
98,
38,
6,
28,
70,
66,
2,
46,
8,
11,
65,
9,
81,
1,
9,
65,
5,
23,
39,
96,
0,
24,
2,
20,
6,
8,
26,
92,
92,
91,
73,
7,
47,
77,
23,
81,
53,
5,
37,
78,
38,
10,
54,
74,
48,
2,
48,
24,
84,
13,
71,
71,
93,
49,
49,
53,
81,
73,
31,
56,
38,
82,
48,
70,
86,
26,
8,
2,
48,
9,
73,
51,
91,
75,
53,
95,
13,
7,
41,
84,
60,
6,
48,
42,
84,
34,
70,
76,
26,
9,
51,
19,
99,
57,
99,
29,
57,
35,
81,
74,
60,
62,
86,
86,
8,
94,
14,
30,
68,
65,
19,
49,
87,
21,
25,
69,
93,
67,
31,
78,
42,
70,
54,
0,
70,
98,
54,
58,
30,
93,
55,
95,
75,
7,
65,
47,
21,
87,
81,
12,
86,
30,
24,
62,
86,
88,
92,
74,
54,
47,
33,
89,
1,
19,
11,
31,
69,
35,
83,
52,
0,
72,
50,
82,
56,
22,
2,
84,
4,
43,
81,
49,
45,
73,
25,
11,
5,
27,
83,
32,
28,
60,
98,
98,
14,
0,
4,
58,
78,
15,
65,
37,
77,
49,
65,
79,
81,
93,
33,
18,
18,
52,
60,
62,
90,
90,
42,
36,
94,
27,
1,
21,
81,
15,
83,
49,
45,
57,
45,
52,
76,
58,
78,
14,
74,
44,
24,
94,
22,
31,
41,
57,
33,
85,
25,
65,
11,
85,
65,
80,
32,
92,
78,
98,
64,
74,
96,
62,
44,
71,
7,
27,
97,
35,
91,
3,
55,
99,
71,
66,
48,
8,
34,
84,
44,
0,
94,
68,
82,
81,
9,
83,
37,
41,
91,
27,
17,
45,
15,
50,
74,
58,
58,
66,
74,
70,
70,
96,
6,
85,
7,
85,
31,
5,
13,
67,
97,
5,
19,
36,
84,
6,
70,
92,
4,
82,
56,
72,
74,
33,
15,
73,
99,
21,
59,
87,
91,
23,
41,
84,
4,
4,
36,
72,
96,
30,
78,
48,
40,
73,
19,
1,
65,
53,
53,
9,
27,
61,
5,
64,
0,
56,
30,
32,
22,
8,
68,
76,
92,
11,
3,
85,
99,
11,
49,
35,
9,
33,
7,
56,
86,
30,
40,
54,
70,
16,
86,
8,
12,
71,
77,
83,
35,
71,
95,
3,
43,
11,
77,
80,
66,
98,
96,
8,
60,
98,
48,
38,
6,
13,
3,
45,
33,
19,
63,
13,
57,
65,
49,
48,
70,
4,
52,
8,
64,
86,
42,
18,
50,
87,
99,
19,
69,
89,
5,
65,
45,
91,
55,
66,
58,
88,
92,
96,
62,
8,
46,
24,
70,
35,
75,
19,
55,
65,
49,
15,
87,
11,
29,
62,
94,
96,
82,
52,
92,
32,
56,
90,
32,
99,
21,
99,
43,
29,
91,
93,
89,
23,
31,
92,
90,
72,
46,
70,
86,
6,
14,
40,
6,
27,
83,
7,
41,
27,
7,
77,
47,
85,
15,
8,
78,
38,
18,
40,
64,
68,
70,
70,
18,
13,
59,
53,
15,
45,
73,
55,
99,
11,
89,
40,
96,
82,
64,
96,
82,
20,
92,
94,
38,
53,
15,
49,
65,
61,
1,
37,
37,
77,
3,
40,
18,
64,
14,
34,
24,
92,
46,
14,
12,
29,
9,
41,
33,
85,
69,
79,
73,
69,
91,
54,
26,
34,
46,
12,
0,
10,
62,
14,
80,
31,
81,
73,
31,
57,
33,
87,
89,
3,
57,
78,
44,
20,
0,
92,
12,
66,
74,
88,
52,
51,
5,
23,
41,
73,
83,
43,
59,
41,
75,
96,
52,
66,
28,
10,
68,
10,
70,
14,
8,
63,
7,
89,
97,
55,
5,
17,
79,
97,
61,
96,
40,
90,
86,
6,
64,
26,
58,
40,
98,
83,
5,
75,
97,
17,
93,
19,
31,
57,
65,
80,
48,
0,
96,
92,
8,
58,
6,
16,
60,
31,
3,
35,
51,
15,
43,
53,
61,
95,
95,
36,
10,
16,
56,
92,
74,
50,
58,
20,
14,
75,
11,
35,
29,
87,
33,
61,
3,
23,
77,
34,
4,
68,
12,
14,
62,
56,
22,
92,
52,
93,
7,
41,
31,
7,
97,
59,
75,
3,
51,
68,
6,
80,
70,
22,
12,
84,
44,
62,
2,
31,
79,
67,
67,
9,
17,
31,
87,
47,
81,
68,
20,
84,
36,
82,
2,
50,
94,
20,
22,
75,
49,
69,
19,
29,
27,
23,
85,
69,
79,
24,
40,
36,
86,
66,
28,
84,
76,
64,
74,
73,
35,
87,
71,
27,
1,
37,
33,
93,
73,
14,
72,
42,
24,
84,
74,
62,
48,
94,
86,
89,
25,
27,
95,
81,
7,
45,
45,
87,
99,
84,
62,
98,
96,
78,
92,
84,
8,
96,
98,
71,
5,
17,
31,
7,
1,
39,
49,
9,
47,
92,
88,
84,
18,
32,
0,
2,
42,
58,
74,
3,
97,
93,
55,
25,
3,
11,
55,
51,
65,
8,
90,
98,
38,
54,
46,
78,
8,
76,
88,
27,
41,
59,
41,
13,
95,
85,
55,
61,
67,
86,
14,
22,
90,
0,
58,
44,
46,
56,
14,
69,
83,
89,
23,
13,
25,
73,
47,
13,
45,
22,
98,
38,
26,
98,
26,
60,
34,
32,
34,
43,
31,
13,
11,
27,
7,
79,
9,
85,
23,
46,
14,
42,
30,
48,
34,
10,
86,
88,
14,
5,
23,
71,
89,
41,
13,
57,
57,
65,
19,
36,
76,
12,
90,
16,
34,
0,
82,
64,
48,
7,
87,
13,
41,
41,
51,
93,
59,
21,
97,
86,
52,
26,
92,
8,
68,
18,
96,
46,
44,
49,
81,
87,
89,
99,
83,
83,
11,
51,
69,
86,
60,
46,
24,
32,
16,
2,
28,
44,
66,
43,
7,
91,
75,
21,
31,
85,
19,
39,
77,
16,
72,
22,
64,
56,
66,
20,
38,
18,
56,
53,
65,
23,
75,
93,
73,
47,
63,
93,
53,
16,
92,
72,
6,
48,
50,
8,
92,
38,
30,
67,
97,
91,
5,
39,
51,
79,
17,
55,
55,
80,
22,
82,
6,
8,
94,
14,
16,
8,
54,
91,
5,
35,
11,
53,
81,
1,
9,
5,
47,
80,
74,
38,
42,
56,
2,
96,
48,
50,
4,
71,
11,
97,
47,
41,
23,
53,
69,
59,
31,
84,
8,
22,
66,
32,
90,
68,
8,
6,
2,
43,
77,
53,
25,
83,
71,
3,
67,
77,
9,
8,
32,
50,
26,
86,
48,
62,
76,
38,
0,
95,
5,
9,
73,
19,
99,
65,
47,
67,
73,
24,
90,
30,
64,
18,
94,
4,
80,
98,
50,
49,
85,
11,
19,
71,
61,
19,
41,
7,
97,
32,
68,
6,
84,
10,
42,
12,
84,
98,
70,
61,
45,
25,
53,
97,
25,
79,
69,
3,
23,
96,
44,
20,
30,
70,
80,
66,
16,
10,
34,
63,
99,
89,
9,
9,
19,
23,
95,
83,
65,
96,
92,
90,
42,
32,
60,
38,
96,
4,
98,
79,
19,
53,
5,
25,
97,
77,
75,
99,
95,
28,
6,
2,
62,
82,
78,
94,
12,
24,
96,
85,
37,
65,
91,
59,
71,
69,
45,
27,
41,
88,
32,
44,
52,
60,
96,
2,
48,
30,
8,
63,
5,
39,
1,
49,
99,
79,
85,
71,
47,
94,
8,
44,
44,
24,
64,
72,
86,
12,
48,
99,
35,
69,
71,
3,
55,
5,
35,
5,
97,
76,
88,
24,
4,
46,
48,
40,
68,
84,
50,
87,
61,
11,
57,
71,
83,
67,
35,
39,
95,
4,
82,
40,
98,
24,
42,
20,
48,
28,
0,
9,
97,
77,
85,
95,
89,
87,
91,
49,
53,
76,
50,
24,
20,
84,
22,
98,
96,
46,
28,
27,
15,
75,
37,
43,
71,
59,
85,
21,
3,
80,
16,
54,
72,
68,
28,
74,
30,
82,
74,
87,
63,
47,
17,
9,
43,
49,
63,
5,
65,
98,
8,
64,
56,
88,
44,
58,
70,
82,
16,
59,
29,
39,
75,
95,
69,
43,
35,
55,
9,
2,
76,
10,
38,
32,
66,
84,
6,
40,
84,
67,
81,
37,
87,
33,
47,
9,
35,
85,
39,
16,
54,
8,
38,
20,
66,
90,
2,
64,
70,
11,
49,
47,
97,
87,
95,
85,
97,
67,
87,
80,
84,
84,
76,
70,
38,
14,
72,
22,
44,
87,
99,
87,
69,
61,
7,
39,
33,
33,
7,
82,
44,
96,
32,
8,
62,
66,
38,
4,
6,
61,
83,
79,
53,
3,
15,
89,
55,
49,
35,
50,
80,
42,
38,
52,
14,
24,
66,
34,
66,
85,
37,
87,
67,
3,
61,
45,
23,
79,
65,
86,
68,
34,
80,
72,
66,
30,
66,
26,
78,
25,
61,
23,
51,
45,
93,
67,
95,
59,
73,
34,
78,
42,
92,
74,
80,
4,
44,
32,
38,
11,
93,
5,
87,
9,
69,
41,
11,
45,
3,
80,
66,
98,
82,
4,
76,
46,
96,
72,
92,
43,
95,
51,
31,
11,
95,
25,
5,
71,
43,
8,
66,
72,
92,
90,
60,
10,
56,
42,
10,
49,
71,
99,
75,
25,
83,
31,
77,
9,
35,
2,
46,
74,
16,
94,
44,
84,
18,
64,
48,
91,
93,
29,
37,
27,
33,
59,
57,
39,
15,
20,
10,
98,
24,
28,
8,
14,
54,
10,
32,
49,
59,
45,
1,
53,
5,
57,
43,
87,
11,
6,
28,
86,
64,
54,
58,
98,
30,
44,
38,
17,
53,
27,
33,
53,
91,
83,
51,
45,
67,
4,
86,
40,
96,
66,
34,
64,
22,
14,
20,
19,
29,
87,
13,
57,
19,
59,
5,
57,
61,
80,
16,
76,
10,
4,
52,
8,
36,
24,
10,
25,
59,
99,
13,
55,
39,
49,
57,
47,
87,
30,
0,
18,
18,
46,
58,
2,
60,
46,
62,
7,
59,
85,
57,
5,
35,
9,
27,
19,
31,
86,
14,
60,
36,
94,
78,
68,
64,
2,
46,
97,
25,
35,
5,
61,
45,
65,
67,
67,
43,
26,
20,
86,
52,
14,
22,
36,
72,
2,
8,
45,
9,
29,
63,
5,
75,
27,
89,
79,
31,
38,
72,
70,
82,
36,
70,
32,
25,
23,
73,
9,
13,
95,
99,
85,
69,
23,
39,
71,
43,
21,
59,
57,
93,
83,
93,
53,
29,
41,
41,
37,
87,
27,
7,
13,
19,
7,
97,
93,
35,
39,
41,
99,
77,
97,
57,
61,
35,
69,
13,
97,
3,
99,
81,
99,
51,
37,
19,
9,
35,
