76,
8,
50,
84,
60,
18,
50,
22,
76,
28,
89,
67,
51,
65,
43,
27,
69,
83,
87,
75,
92,
28,
64,
80,
48,
94,
48,
92,
18,
14,
5,
51,
31,
73,
53,
67,
19,
21,
79,
39,
76,
70,
66,
56,
50,
2,
86,
28,
28,
98,
23,
29,
83,
85,
15,
41,
95,
3,
61,
1,
92,
4,
20,
0,
84,
72,
66,
30,
98,
86,
5,
27,
75,
25,
67,
15,
47,
27,
19,
45,
60,
28,
98,
8,
98,
74,
26,
80,
24,
28,
33,
37,
15,
15,
31,
87,
65,
11,
65,
45,
60,
14,
52,
88,
62,
90,
92,
68,
88,
68,
83,
63,
15,
65,
79,
3,
59,
39,
49,
63,
92,
30,
56,
54,
90,
82,
6,
94,
78,
48,
17,
81,
61,
59,
11,
25,
45,
35,
93,
5,
98,
48,
2,
98,
52,
84,
92,
98,
24,
88,
3,
49,
91,
3,
81,
55,
83,
21,
67,
95,
52,
0,
10,
16,
66,
50,
36,
84,
0,
52,
43,
97,
91,
13,
49,
97,
35,
75,
67,
47,
56,
76,
90,
20,
76,
40,
36,
10,
98,
58,
11,
77,
57,
99,
73,
25,
87,
19,
39,
19,
54,
72,
62,
38,
24,
2,
96,
98,
64,
12,
15,
81,
99,
81,
85,
3,
81,
85,
23,
15,
84,
16,
60,
98,
74,
52,
50,
90,
8,
82,
39,
63,
83,
49,
51,
59,
57,
95,
29,
69,
74,
46,
2,
42,
40,
40,
86,
48,
96,
18,
61,
21,
83,
67,
37,
3,
71,
95,
19,
81,
34,
4,
12,
4,
20,
70,
16,
86,
48,
8,
59,
15,
69,
17,
21,
91,
81,
73,
71,
15,
14,
50,
64,
8,
76,
50,
0,
74,
24,
30,
73,
21,
33,
73,
75,
71,
61,
11,
59,
5,
4,
56,
22,
22,
42,
50,
12,
16,
22,
66,
49,
35,
49,
89,
9,
5,
41,
85,
11,
9,
68,
94,
0,
96,
4,
94,
16,
52,
42,
34,
73,
85,
67,
59,
37,
59,
47,
5,
27,
69,
36,
74,
14,
26,
10,
84,
34,
46,
28,
76,
57,
9,
71,
15,
47,
47,
55,
1,
81,
11,
8,
36,
54,
58,
28,
98,
94,
10,
52,
18,
21,
69,
25,
83,
75,
91,
57,
37,
63,
61,
46,
42,
24,
2,
94,
72,
20,
24,
10,
54,
5,
81,
73,
93,
37,
19,
39,
33,
73,
29,
96,
94,
98,
92,
90,
84,
36,
78,
72,
38,
61,
73,
79,
55,
83,
5,
3,
51,
59,
71,
62,
78,
52,
28,
80,
46,
38,
68,
34,
10,
35,
75,
19,
61,
37,
45,
17,
5,
7,
95,
86,
12,
30,
24,
96,
40,
76,
10,
64,
74,
11,
37,
13,
85,
19,
95,
13,
13,
65,
75,
80,
28,
86,
6,
44,
92,
18,
44,
94,
40,
71,
27,
75,
69,
15,
63,
51,
47,
45,
27,
62,
60,
32,
18,
96,
58,
30,
70,
24,
2,
83,
93,
65,
61,
59,
31,
67,
63,
65,
29,
78,
18,
56,
50,
46,
44,
36,
74,
84,
24,
33,
49,
89,
51,
69,
25,
59,
85,
47,
81,
70,
90,
54,
10,
44,
92,
42,
88,
2,
38,
23,
87,
55,
45,
13,
5,
89,
71,
79,
25,
10,
30,
92,
56,
82,
14,
24,
62,
52,
24,
91,
9,
85,
11,
91,
49,
79,
47,
51,
15,
34,
82,
12,
78,
20,
0,
48,
50,
84,
16,
33,
57,
63,
83,
53,
17,
27,
69,
83,
19,
46,
86,
60,
72,
62,
36,
88,
92,
84,
48,
35,
65,
47,
77,
89,
93,
13,
19,
39,
55,
32,
22,
0,
34,
80,
36,
78,
48,
22,
14,
95,
61,
49,
15,
7,
19,
75,
91,
89,
39,
14,
30,
20,
20,
26,
0,
16,
12,
28,
48,
73,
81,
81,
43,
1,
43,
9,
29,
49,
87,
30,
34,
20,
30,
8,
98,
24,
40,
68,
88,
61,
23,
63,
97,
3,
29,
7,
59,
71,
93,
26,
16,
52,
24,
42,
20,
92,
38,
22,
30,
27,
99,
47,
77,
9,
61,
55,
45,
95,
17,
8,
14,
4,
10,
70,
72,
22,
50,
94,
84,
7,
71,
85,
93,
99,
83,
91,
25,
59,
1,
10,
52,
54,
32,
72,
44,
6,
82,
26,
34,
35,
73,
63,
95,
21,
55,
43,
73,
91,
3,
64,
10,
48,
88,
26,
54,
8,
14,
54,
66,
89,
57,
39,
7,
31,
1,
65,
13,
97,
31,
52,
56,
38,
26,
20,
68,
24,
96,
46,
16,
11,
47,
3,
49,
13,
69,
63,
15,
97,
9,
42,
80,
0,
58,
4,
78,
82,
82,
38,
80,
15,
83,
41,
75,
13,
25,
69,
95,
95,
39,
46,
60,
84,
94,
82,
84,
80,
20,
10,
30,
67,
45,
9,
63,
89,
21,
55,
79,
1,
89,
44,
94,
74,
6,
44,
22,
44,
88,
62,
70,
69,
35,
15,
63,
69,
65,
37,
45,
55,
85,
0,
90,
36,
88,
44,
4,
60,
86,
60,
42,
21,
67,
11,
5,
55,
13,
45,
17,
49,
63,
64,
70,
54,
28,
40,
78,
56,
30,
76,
26,
67,
53,
55,
1,
37,
29,
39,
51,
57,
45,
88,
44,
72,
84,
32,
92,
10,
22,
64,
42,
77,
41,
65,
37,
75,
21,
9,
17,
13,
49,
8,
74,
98,
12,
94,
36,
60,
52,
46,
82,
17,
21,
15,
51,
41,
75,
37,
33,
85,
67,
54,
34,
18,
94,
96,
8,
86,
4,
36,
82,
35,
77,
79,
7,
19,
47,
87,
19,
3,
21,
38,
16,
62,
24,
12,
48,
46,
76,
4,
4,
31,
33,
55,
37,
69,
7,
57,
65,
19,
71,
4,
30,
70,
70,
18,
8,
62,
92,
34,
10,
11,
5,
43,
23,
81,
65,
31,
51,
89,
95,
4,
12,
14,
64,
40,
22,
8,
64,
64,
88,
79,
55,
17,
67,
25,
29,
99,
1,
29,
61,
22,
56,
68,
58,
66,
44,
10,
12,
66,
30,
17,
85,
17,
65,
9,
25,
69,
89,
53,
17,
68,
36,
86,
22,
18,
88,
84,
92,
4,
96,
45,
89,
53,
65,
27,
35,
53,
5,
47,
73,
60,
40,
70,
96,
74,
2,
2,
46,
18,
0,
87,
73,
69,
87,
33,
39,
93,
85,
23,
13,
44,
70,
24,
58,
90,
34,
94,
64,
12,
38,
97,
81,
87,
25,
23,
33,
81,
53,
73,
57,
66,
58,
82,
16,
46,
52,
50,
82,
50,
92,
61,
73,
77,
53,
47,
35,
89,
25,
21,
15,
28,
38,
68,
32,
94,
0,
6,
32,
26,
60,
73,
65,
91,
59,
13,
85,
17,
33,
69,
73,
90,
88,
8,
8,
52,
92,
4,
64,
80,
62,
23,
69,
13,
69,
87,
25,
35,
77,
81,
75,
52,
70,
74,
16,
22,
0,
76,
14,
46,
86,
19,
19,
87,
67,
95,
9,
61,
3,
23,
71,
98,
88,
34,
66,
74,
32,
20,
56,
46,
72,
73,
53,
47,
47,
91,
75,
83,
23,
37,
59,
74,
92,
38,
62,
16,
20,
48,
78,
94,
48,
27,
9,
89,
43,
65,
65,
87,
59,
41,
93,
72,
18,
10,
14,
4,
48,
40,
72,
46,
36,
75,
39,
45,
45,
59,
33,
75,
47,
35,
45,
36,
22,
22,
32,
76,
52,
90,
62,
18,
84,
95,
45,
93,
33,
21,
59,
9,
77,
25,
83,
50,
2,
86,
6,
92,
78,
52,
14,
88,
12,
57,
95,
59,
87,
39,
77,
11,
9,
29,
15,
2,
32,
64,
98,
94,
66,
70,
8,
20,
72,
39,
19,
11,
65,
57,
47,
5,
29,
3,
95,
58,
76,
34,
82,
62,
62,
28,
68,
70,
84,
61,
69,
9,
63,
61,
67,
47,
61,
53,
11,
80,
26,
16,
80,
64,
12,
90,
50,
4,
72,
35,
27,
65,
33,
65,
75,
73,
5,
81,
61,
72,
40,
38,
34,
30,
30,
10,
84,
42,
30,
79,
71,
1,
45,
79,
45,
75,
11,
81,
69,
14,
46,
80,
62,
42,
68,
62,
72,
62,
60,
71,
49,
71,
33,
25,
71,
99,
1,
27,
13,
90,
64,
30,
72,
32,
76,
54,
2,
30,
70,
53,
33,
27,
41,
83,
9,
13,
89,
9,
9,
56,
76,
46,
62,
50,
66,
72,
36,
96,
80,
79,
47,
5,
51,
3,
75,
1,
35,
81,
53,
60,
90,
68,
54,
48,
38,
32,
24,
40,
34,
85,
17,
77,
21,
53,
45,
11,
51,
1,
65,
98,
40,
18,
90,
0,
68,
50,
4,
44,
18,
87,
67,
57,
89,
79,
1,
25,
43,
97,
89,
96,
20,
94,
16,
12,
52,
70,
48,
70,
62,
81,
85,
5,
65,
81,
69,
63,
79,
37,
25,
98,
80,
12,
52,
14,
0,
30,
54,
86,
84,
1,
43,
33,
93,
13,
45,
91,
33,
99,
35,
16,
62,
96,
62,
80,
84,
86,
4,
50,
94,
35,
43,
99,
51,
9,
33,
77,
67,
59,
47,
92,
2,
36,
74,
76,
36,
66,
86,
84,
12,
17,
3,
83,
9,
63,
95,
93,
7,
79,
41,
4,
88,
22,
26,
14,
12,
14,
66,
76,
82,
95,
89,
47,
73,
85,
69,
19,
55,
97,
17,
90,
80,
40,
18,
58,
28,
78,
4,
62,
38,
13,
85,
73,
31,
43,
67,
43,
69,
81,
51,
72,
34,
96,
62,
80,
66,
2,
98,
6,
50,
95,
69,
3,
41,
39,
95,
51,
99,
99,
11,
78,
44,
40,
90,
98,
0,
22,
20,
80,
6,
99,
21,
31,
83,
7,
25,
49,
19,
21,
85,
0,
32,
20,
54,
44,
52,
70,
24,
54,
32,
93,
45,
77,
5,
93,
65,
13,
63,
67,
85,
36,
62,
92,
48,
28,
80,
50,
92,
52,
62,
19,
73,
41,
83,
75,
15,
11,
11,
27,
55,
32,
70,
62,
42,
28,
82,
56,
86,
2,
14,
11,
31,
27,
81,
63,
87,
3,
35,
7,
1,
60,
2,
64,
6,
8,
92,
48,
76,
2,
60,
97,
71,
97,
67,
21,
47,
91,
7,
75,
73,
68,
86,
54,
68,
26,
66,
94,
36,
36,
92,
9,
47,
79,
39,
83,
61,
37,
49,
97,
59,
0,
96,
30,
56,
54,
0,
30,
80,
8,
94,
67,
51,
79,
19,
29,
69,
65,
13,
1,
83,
96,
20,
70,
82,
64,
0,
92,
8,
14,
68,
75,
43,
71,
89,
41,
63,
57,
27,
7,
65,
88,
4,
84,
62,
60,
46,
12,
20,
20,
82,
37,
1,
91,
23,
85,
41,
67,
29,
57,
27,
40,
18,
4,
76,
14,
4,
32,
92,
58,
40,
61,
11,
55,
23,
3,
31,
99,
61,
91,
27,
48,
46,
10,
10,
84,
92,
2,
88,
0,
66,
9,
65,
57,
95,
41,
49,
79,
99,
31,
53,
76,
6,
6,
40,
26,
58,
48,
50,
10,
46,
63,
33,
71,
55,
37,
73,
67,
33,
21,
65,
70,
2,
12,
52,
80,
8,
42,
66,
92,
48,
79,
11,
25,
27,
87,
3,
59,
3,
59,
21,
16,
24,
98,
94,
64,
88,
90,
42,
82,
76,
21,
43,
89,
49,
25,
79,
37,
61,
49,
63,
48,
82,
96,
98,
30,
66,
30,
48,
78,
96,
91,
63,
27,
37,
45,
17,
55,
53,
45,
19,
12,
46,
14,
8,
40,
72,
42,
36,
84,
92,
57,
19,
15,
43,
51,
71,
33,
55,
63,
73,
4,
84,
72,
80,
34,
28,
58,
30,
72,
82,
39,
57,
77,
91,
95,
99,
55,
27,
67,
27,
64,
30,
70,
38,
90,
68,
36,
52,
52,
20,
25,
59,
29,
21,
27,
65,
43,
61,
35,
61,
28,
82,
12,
54,
82,
98,
30,
34,
44,
54,
55,
13,
25,
33,
31,
63,
33,
15,
67,
27,
58,
56,
63,
41,
91,
61,
75,
15,
79,
91,
45,
1,
59,
37,
23,
47,
35,
49,
3,
81,
97,
95,
79,
71,
67,
75,
13,
41,
27,
9,
27,
17,
31,
85,
39,
11,
13,
21,
37,
3,
85,
41,
77,
81,
47,
83,
19,
85,
79,
81,
59,
89,
95,
11,
71,
89,
15,
51,
79,
41,
